<?xml version="1.0"?>
<opencv_storage>
<camera_matrix type_id="opencv-matrix">
  <rows>3</rows>
  <cols>3</cols>
  <dt>d</dt>
  <data>
    6.7832781313907040e+02 0. 3.1950000000000000e+02 0.
    6.7832781313907040e+02 2.3950000000000000e+02 0. 0. 1.</data></camera_matrix>
<dist_coeffs type_id="opencv-matrix">
  <rows>1</rows>
  <cols>5</cols>
  <dt>d</dt>
  <data>
    -3.2293362029726515e-01 1.4697855253721781e-01 0. 0.
    -4.1739567552207770e-02</data></dist_coeffs>
</opencv_storage>
